10
 Momenta           1
N         -0.0004324503         -0.0000239529         -0.0001207551
N          0.0003095985          0.0001452914         -0.0000637060
C          0.0003025951          0.0000445601          0.0000140119
H         -0.0025514912          0.0016564144          0.0006279153
H          0.0004773287         -0.0019081894          0.0013185090
H         -0.0019116031         -0.0014079368         -0.0008403930
C          0.0000234801         -0.0003106250          0.0001958892
H          0.0014923461          0.0001878430          0.0005699146
H          0.0005860754          0.0008483943         -0.0023974260
H         -0.0002710998          0.0021078421          0.0007835568
